126 
177  140  254
173  146
178  166  0
200  142  251
179  161  241
187  132  246
173  135  242
175  140  249
177  142  253
177  140  254
173  146  251
141  121  12
147  125  4
144  124  5
145  124  5
145  133  7
146  150  2
148  173  255
148  163  253
149  190  241
144  205  231
145  197  235
147  196  236
148  199  238
147  194  240
146  195  240
149  192  242
155  156  2
155  101  2
157  82  252
155  88  253
153  88  252
155  87  252
154  87  253
153  86  255
152  81  251
152  73  251
153  78  248
151  68  247
151  71  248
151  72  247
152  81  253
155  113  2
155  144  1
154  166  254
151  169  251
150  175  250
149  173  249
149  180  248
149  173  246
149  189  244
150  183  248
150  177  248
150  171  250
154  158  254
156  138  3
155  112  3
157  96  255
155  83  251
157  84  254
155  95  255
156  90  255
156  90  254
156  85  254
156  88  254
155  85  254
157  92  254
155  95  0
155  91  254
155  92  254
155  97  254
154  95  254
154  85  253
157  96  254
156  91  255
155  88  254
155  88  254
154  88  252
154  86  254
154  86  253
154  90  252
154  85  252
156  121  5
147  170  254
141  184  243
144  183  246
144  185  246
144  183  247
144  184  246
144  184  246
144  185  245
145  184  245
145  182  247
145  182  248
145  184  247
146  181  247
146  183  246
146  183  247
147  188  250
145  199  242
144  196  239
142  196  238
143  197  239
144  196  238
143  193  241
142  197  239
152  169  251
156  142  255
149  81  255
154  91  0
155  94  0
154  93  0
154  93  1
154  95  0
154  97  255
153  97  1
155  99  1
155  103  1
156  113  4
153  138  1
150  179  250
149  203  235
143  220  234
144  208  225
147  205  232
148  199  230
148  206  234
147  205  230
146  206  233
146  206  233
144  207  233
147  207  228
146  207  229
146  206  230
142  202  231
141  204  235
142  203  233
147  201  241
158  138  3
145  98  254
153  89  1
149  90  254
148  85  2
146  84  254
148  86  254
146  86  253
148  87  254
145  84  1
146  82  254
145  82  254
146  86  0
147  86  253
148  89  255
146  88  255
146  88  254
147  78  251
146  78  254
149  120  3
152  161  253
147  187  236
144  201  233
145  202  231
143  203  236
144  199  237
145  197  236
145  199  236
146  192  239
145  193  240
144  194  239
144  189  241
159  154  254
161  111  254
157  90  253
155  81  252
154  85  252
155  93  252
156  94  253
149  67  248
177  104  244
169  112  252
170  115  255
