92 2
170  151  253
169  153  253
167  150  250
79  127  253
180  169  1
175  149  3
150  62  43
171  153  253
177  153  252
170  151  253
169  153  253
167  150  250
79  127  253
180  169  1
175  149  3
150  62  43
171  153  253
177  153  252
170  151  253
169  153  253
167  150  250
165  139  246
151  204  229
159  230  182
160  247  126
178  234  90
184  217  61
189  206  64
192  209  62
180  218  71
169  227  78
131  246  71
137  243  92
136  244  95
139  242  92
130  254  167
158  111  253
143  45  223
139  37  220
144  31  212
131  27  222
144  34  223
147  36  222
145  36  228
146  42  208
153  73  231
134  4  187
135  245  133
136  245  110
138  244  101
134  241  101
136  241  98
137  243  93
136  246  91
137  244  93
138  242  96
140  237  99
140  239  98
139  241  96
138  243  99
142  241  98
134  3  121
147  93  247
149  74  228
133  50  231
138  49  229
127  35  224
134  35  227
137  33  216
143  30  208
146  30  207
145  19  202
145  23  203
147  21  204
145  24  203
147  15  204
142  22  204
144  23  207
141  25  207
145  22  201
143  24  203
144  93  0
139  193  241
138  235  182
143  247  126
145  243  110
145  240  105
145  244  102
137  223  186
140  244  139
147  238  96
151  238  88
154  236  79
148  229  88
148  235  88
148  237  87
147  232  87
147  232  87
148  244  89
147  241  92
144  233  91
148  242  90
146  239  95
144  235  91
148  248  93
144  239  94
148  244  90
143  244  99
132  199  232
134  55  208
137  34  217
139  31  220
146  45  208
140  14  201
143  23  203
142  34  211
138  23  218
141  37  214
135  22  215
138  21  215
138  40  215
136  27  213
140  25  225
141  207  229
145  241  146
150  244  110
141  243  99
142  243  97
140  242  98
140  241  98
142  248  97
144  248  97
130  227  170
143  239  92
143  240  89
147  239  84
149  233  79
148  231  77
145  253  111
151  239  81
154  228  72
148  2  80
129  174  238
142  72  248
140  62  249
141  70  246
139  62  243
138  54  241
143  61  239
137  56  242
144  58  239
139  51  233
137  48  237
140  55  239
140  55  238
139  56  239
140  50  238
150  48  229
158  40  221
150  36  219
150  40  219
150  34  219
150  34  220
150  41  224
147  95  3
133  191  239
141  247  168
142  244  114
148  239  81
153  229  69
152  225  62
150  220  63
153  222  60
156  217  64
150  219  55
150  221  56
150  221  56
151  222  58
150  223  58
153  218  60
151  223  58
150  222  57
153  220  60
149  223  56
150  218  59
149  225  57
150  220  59
149  223  55
148  219  59
149  226  58
149  221  61
147  225  60
149  226  64
147  226  65
147  231  68
143  252  150
147  137  5
130  51  250
145  39  219
144  28  219
143  29  220
141  33  222
147  35  219
144  35  219
146  38  221
143  33  222
145  36  220
144  32  221
145  41  217
145  35  216
141  38  225
144  42  228
142  48  230
144  48  233
147  51  236
136  205  227
155  7  94
141  239  74
138  231  71
138  229  71
138  228  73
137  233  70
136  230  75
136  235  75
134  233  77
135  238  78
134  236  81
136  239  82
134  239  81
134  237  82
133  240  81
134  242  92
146  253  105
155  238  115
156  240  112
158  243  106
157  242  101
156  242  104
